020S 0 1 0
003D 0 1 1
015D 0 1 2
023D 0 1 3
019D 0 1 4
014D 0 1 5
024D 0 1 6
022D 0 1 7
017S 0 1 8
027S 0 1 9
025S 0 1 10
026S 0 1 11
0261S 0 1 12
030S 0 1 13
004S 0 1 14
006S 0 1 15
008S 0 1 16
007S 0 1 17
010D 0 1 18
0061S 0 1 19
012D 0 1 20
028D 0 1 21
010Dx 0 1 22
013S 0 1 23
0121D 0 1 24
L07S 0 1 25
L04S 0 1 26
L08S 0 1 27
L05S 0 1 28
L06S 0 1 29
L09S 0 1 30
L01S 0 1 31
L02S 0 2 0
L03S 0 2 1
1391S 0 2 2
1DSP 0 2 3
1DSM 0 2 4
2DSP 0 2 5
2DSM 0 2 6
hz 0 2 7
hz 0 2 8
hz 0 2 9
1DWP 0 2 10
1DWM 0 2 11
1KNT 0 2 12
2KNT 0 2 13
3KNT 0 2 14
4KNT 0 2 15
102S 0 2 16
1012S 0 2 17
111D 0 2 18
112D 0 2 19
142D 0 2 20
117D 0 2 21
143S 0 2 22
120S 0 2 23
144S 0 2 24
121S 0 2 25
108S 0 2 26
1261S 0 2 27
128S 0 2 28
126S 0 2 29
1351S 0 2 30
136S 0 2 31
1231S 0 3 0
122D 0 3 1
134S 0 3 2
1311S 0 3 3
130S 0 3 4
1301S 0 3 5
103D 0 3 6
124S 0 3 7
1241S 0 3 8
115S 0 3 9
150DSP 0 3 10
150DSM 0 3 11
151DSP 0 3 12
151DSM 0 3 13
152DSP 0 3 14
152DSM 0 3 15
153DSP 0 3 16
153DSM 0 3 17
157DSP 0 3 18
157DSM 0 3 19
155DSP 0 3 20
155DSM 0 3 21
hz 0 3 22
hz 0 3 23
hz 0 3 24
hz 0 3 25
hz 0 3 26
hz 0 3 27
5KNT 0 3 28
6KNT 0 3 29
1G 0 3 30
2G 0 3 31
1ST 0 4 0
2ST 0 4 1
1SIGNAL 0 4 2
2SIGNAL 0 4 3
1SAUNA 0 4 4
2SAUNA 0 4 5
KAMIN 0 4 6
SMS1 0 4 7
SMS2 0 4 8
SMS3 0 4 9
201D 0 4 10
209S 0 4 11
2091S 0 4 12
214S 0 4 13
224S 0 4 14
217D 0 4 15
211D 0 4 16
212D 0 4 17
223S 0 4 18
222S 0 4 19
2221S 0 4 20
206D 0 4 21
207S 0 4 22
2071S 0 4 23
3051S 0 4 24
305S 0 4 25
306S 0 4 26
308S 0 4 27
3031S 0 4 28
3011S 0 4 29
3081S 0 4 30
310S 0 4 31
202S 0 5 0
221S 0 5 1
220S 0 5 2
150DSP 0 5 3
150DSM 0 5 4
231DSP 0 5 5
231DSM 0 5 6
2303DSP 0 5 7
2303DSM 0 5 8
r 0 5 9
r 0 5 10
r 0 5 11
r 0 5 12
r 0 5 13
r 0 5 14
r 0 5 15
r 0 5 16
r 0 5 17
r 0 5 18
r 0 5 19
r 0 5 20
r 0 5 21
r 0 5 22
r 0 5 23
r 0 5 24
r 0 5 25
r 0 5 26
r 0 5 27
r 0 5 28
r 0 5 29
r 0 5 30
r 0 5 31
r 0 6 0
r 0 6 1
r 0 6 2
r 0 6 3
r 0 6 4
r 0 6 5
r 0 6 6
r 0 6 7
r 0 6 8
r 0 6 9
r 0 6 10
r 0 6 11
r 0 6 12
r 0 6 13
r 0 6 14
r 0 6 15
r 0 6 16
2121S 0 6 17
r 0 6 18
r 0 6 19
r 0 6 20
r 0 6 21
r 0 6 22
r 0 6 23
r 0 6 24
r 0 6 25
r 0 6 26
r 0 6 27
r 0 6 28
r 0 6 29
r 0 6 30
r 0 6 31
HF0-01 0 7 0
HF0-02 0 7 1
HF0-03 0 7 2
HF0-04 0 7 3
HF0-05 0 7 4
HF0-06 0 7 5
HF1-01 0 7 6
HF1-02 0 7 7
HF1-03 0 7 8
HF1-04 0 7 9
HF1-05 0 7 10
HF1-06 0 7 11
HF2-01 0 7 12
HF2-02 0 7 13
HF2-03 0 7 14
HF2-04 0 7 15
HF3-01 0 7 16
HF3-02 0 7 17
r 0 7 18
r 0 7 19
r 0 7 20
r 0 7 21
r 0 7 22
r 0 7 23
r 0 7 24
r 0 7 25
r 0 7 26
r 0 7 27
r 0 7 28
r 0 7 29
r 0 7 30
r 0 7 31
021D 0 8 0
018D 0 8 1
002D 0 8 2
001D 0 8 3
104D 0 8 4
105D 0 8 5
106D 0 8 6
016D 0 8 7
005D 0 8 8
009D 0 8 9
011D 0 8 10
1051D 0 8 11
1011D 0 8 12
1013D 0 8 13
139D 0 8 14
138D 0 8 15
110D 0 8 16
140D 0 8 17
113D 0 8 18
114D 0 8 19
116D 0 8 20
141D 0 8 21
119D 0 8 22
118D 0 8 23
107D 0 8 24
109D 0 8 25
127D 0 8 26
137D 0 8 27
135D 0 8 28
123D 0 8 29
132D 0 8 30
131D 0 8 31
216D 0 9 0
218D 0 9 1
219D 0 9 2
204D 0 9 3
208D 0 9 4
205D 0 9 5
203D 0 9 6
304D 0 9 7
302D 0 9 8
303D 0 9 9
307D 0 9 10
301D 0 9 11
125D 0 9 12
r 0 9 13
r 0 9 14
r 0 9 15
r 0 9 16
003DR 0 9 17
003DG 0 9 18
003DB 0 9 19
003DW 0 9 20
DU0-01 0 25 0
DU0-02 0 25 1
DU0-03 0 25 2
DU0-04 0 25 3
DU1-01 0 25 4
DU1-02 0 25 5
DU1-03 0 25 6
DU2-01 0 25 7
DU2-02 0 25 8
DU2-03 0 25 9
DD0-01 0 25 10
DD0-02 0 25 11
DD0-03 0 25 12
DD0-04 0 25 13
DD0-05 0 25 14
DD0-06 0 25 15
DD0-07 0 25 16
DD0-08 0 25 17
DD1-01 0 25 18
DD1-02 0 25 19
DD1-03 0 25 20
DD1-04 0 25 21
DD1-05 0 25 22
DD1-06 0 25 23
DD1-07 0 25 24
DD1-08 0 25 25
DD1-09 0 25 26
DD1-10 0 25 27
DD2-01 0 25 28
DD2-02 0 25 29
DD2-03 0 25 30
DD2-04 0 25 31
DD2-05 0 26 0
DD2-06 0 26 1
DD2-07 0 26 2
MKD0-01 0 26 3
MKD0-02 0 26 4
MKD0-03 0 26 5
MKD0-04 0 26 6
MKD0-05 0 26 7
MKD0-06 0 26 8
MKD0-07 0 26 9
MKD0-08 0 26 10
MKD0-09 0 26 11
MKD0-10 0 26 12
MKD0-11 0 26 13
MKD0-12 0 26 14
MKD0-13 0 26 15
MKD0-14 0 26 16
MKD1-01 0 26 17
MKD1-02 0 26 18
MKD1-03 0 26 19
MKD1-04 0 26 20
MKD1-05 0 26 21
MKD1-06 0 26 22
MKD1-07 0 26 23
MKD1-08 0 26 24
MKD1-09 0 26 25
MKD1-10 0 26 26
MD1-01 0 26 27
MD1-02 0 26 28
MD1-03 0 26 29
MKD2-01 0 26 30
MKD2-02 0 26 31
MKD2-03 0 27 0
MKD2-04 0 27 1
MKD2-05 0 27 2
MKD2-06 0 27 3
MKD2-07 0 27 4
MKD2-08 0 27 5
MKD2-09 0 27 6
MKD3-01 0 27 7
MKD3-02 0 27 8
MKD3-03 0 27 9
ACT_TEMP_Z1 0 27 10
SET_TEMP_Z1 0 27 11
ACT_TEMP_Z2 0 27 12
SET_TEMP_Z2 0 27 13
ACT_TEMP_Z3 0 27 14
SET_TEMP_Z3 0 27 15
ACT_TEMP_Z4 0 27 16
SET_TEMP_Z4 0 27 17
ACT_TEMP_Z5 0 27 18
SET_TEMP_Z5 0 27 19
ACT_TEMP_Z6 0 27 20
SET_TEMP_Z6 0 27 21
ACT_TEMP_Z7 0 27 22
SET_TEMP_Z7 0 27 23
ACT_TEMP_Z8 0 27 24
SET_TEMP_Z8 0 27 25
ACT_TEMP_Z9 0 27 26
SET_TEMP_Z9 0 27 27
ACT_TEMP_Z10 0 27 28
SET_TEMP_Z10 0 27 29
ACT_TEMP_Z11 0 27 30
SET_TEMP_Z11 0 27 31
ACT_TEMP_Z12 0 28 0
SET_TEMP_Z12 0 28 1
ACT_TEMP_Z13 0 28 2
SET_TEMP_Z13 0 28 3
ACT_TEMP_Z14 0 28 4
SET_TEMP_Z14 0 28 5
ACT_TEMP_Z15 0 28 6
SET_TEMP_Z15 0 28 7
ACT_TEMP_Z16 0 28 8
SET_TEMP_Z16 0 28 9
ACT_TEMP_Z17 0 28 10
SET_TEMP_Z17 0 28 11
ACT_TEMP_Z18 0 28 12
SET_TEMP_Z18 0 28 13
ACT_TEMP_Z19 0 28 14
SET_TEMP_Z19 0 28 15
ACT_TEMP_Z20 0 28 16
SET_TEMP_Z20 0 28 17
ACT_TEMP_Z21 0 28 18
SET_TEMP_Z21 0 28 19
ACT_TEMP_Z22 0 28 20
SET_TEMP_Z22 0 28 21
ACT_TEMP_Z23 0 28 22
SET_TEMP_Z23 0 28 23
ACT_TEMP_Z24 0 28 24
SET_TEMP_Z24 0 28 25
ACT_TEMP_Z25 0 28 26
SET_TEMP_Z25 0 28 27
ACT_TEMP_Z26 0 28 28
SET_TEMP_Z26 0 28 29
FP 0 0 0
FP_AVR 0 0 1
r 10 10 10
